Alpha	Beta
0.0197719	-0.0101496
0.0197719	-0.0101496
0.0197719	-0.0101496
0.0197719	-0.0101496
0.0197719	-0.0101496
0.0197719	-0.0101496
0.0197719	-0.0101496
0.0197719	-0.0101496
0.0197719	-0.0101496
0.0197719	-0.0101496
0.0197719	-0.0101496
0.0197719	-0.0101496
0.0197719	-0.0101496
0.0197719	-0.0101496
0.0197719	-0.0101496
0.0197719	-0.0101496
0.0197719	-0.0101496
0.0197719	-0.0101496
0.0197719	-0.0101496
0.0197719	-0.0101496
0.0197719	-0.0101496
0.0197719	-0.0101496
0.0197719	-0.0101496
0.0197719	-0.0101496
0.0197719	-0.0101496
0.0197719	-0.0101496
0.0133395	-0.0075529
0.00837217	-0.00494437
0.00489281	-0.00279238
0.0026865	-0.00170671
0.00141245	-0.00166769
0.000717192	-0.00186851
0.000312946	-0.00141403
9.05E-06	-0.000136457
-0.000294155	0.00132073
-0.000628422	0.00215917
-0.000982319	0.00207615
-0.00132171	0.00131441
-0.00160391	0.00026394
-0.00178569	-0.000820877
-0.0018296	-0.00174729
-0.00170962	-0.00224499
-0.00141465	-0.00208205
-0.000951113	-0.00131926
-0.000345403	-0.000343327
0.000356591	0.000409569
0.00109393	0.000751644
0.00179655	0.000783648
0.0023927	0.000720132
0.00281825	0.000733775
0.00302503	0.000914506
0.00298632	0.00124384
0.00270104	0.00154027
0.00219503	0.00151344
0.00151727	0.00100058
0.000733636	0.000171716
-8.02E-05	-0.000575219
-0.000847311	-0.000974712
-0.00149797	-0.00111678
-0.00197597	-0.00126019
-0.00224404	-0.0014466
-0.00228792	-0.00139762
-0.00211621	-0.00085696
-0.00175742	1.95E-05
-0.00125667	0.000718874
-0.00067089	0.000851813
-6.22E-05	0.000534457
0.000508025	0.000246822
0.000985449	0.000326045
0.00132886	0.00065398
0.00151364	0.000861567
0.00153274	0.000774184
0.00139733	0.000575912
0.00113572	0.000538805
0.000788654	0.000670137
0.000403682	0.000683291
3.04E-05	0.000300405
-0.000285496	-0.000454755
-0.000508264	-0.00125868
-0.000614784	-0.00172827
-0.000597048	-0.00164583
-0.000463011	-0.00103715
-0.000233795	-0.00014393
6.06E-05	0.000671968
0.000384861	0.00110468
0.000702447	0.00109121
0.000980792	0.000840563
0.00119446	0.000630898
0.00132649	0.000548725
0.00136917	0.000442286
0.00132292	0.000142132
0.00119369	-0.000306814
0.000991801	-0.000662176
0.00073106	-0.000702235
0.000426771	-0.000389914
9.52E-05	0.000141935
-0.000245356	0.000686256
-0.000574729	0.00102605
-0.000872221	0.000985173
-0.00111598	0.000524844
-0.0012842	-0.000174208
-0.00135884	-0.000784139
-0.00132878	-0.00105501
-0.00119237	-0.000985366
-0.000959847	-0.000766626
-0.000653458	-0.000577336
-0.00030486	-0.000440305
4.78E-05	-0.00024465
0.000364143	0.000134885
0.000607648	0.00072968
0.000751399	0.00142781
0.000781157	0.00198399
0.00069838	0.0020993
0.000520896	0.00157381
0.000279319	0.000457323
1.26E-05	-0.000918222
-0.000236468	-0.00205486
-0.000427871	-0.00248881
-0.000530134	-0.00200527
-0.000523993	-0.000795488
-0.000405151	0.000566433
-0.000185301	0.00141033
0.000110753	0.00139331
0.000449206	0.000728728
0.000790542	-2.15E-05
0.00109441	-0.000427841
0.0013259	-0.0004706
0.00145968	-0.000348886
0.00148301	-0.000112494
0.00139758	0.000385699
0.0012179	0.00114724
0.000967338	0.00176404
0.000674783	0.00166144
0.000371236	0.000667375
8.46E-05	-0.000724379
-0.000164078	-0.00173965
-0.000362366	-0.00196589
-0.000507105	-0.00156742
-0.00060412	-0.000911075
-0.000664759	-0.000127104
-0.000702074	0.000849443
-0.000727992	0.00186028
-0.000749534	0.00235023
-0.000766117	0.00180415
-0.000770417	0.00038305
-0.000749965	-0.00101921
-0.000688837	-0.00150827
-0.000572864	-0.00101431
-0.000395024	-0.00033491
-0.000157523	-0.00030425
0.000127266	-0.000923798
0.000436671	-0.00135952
0.000740402	-0.00081225
0.00100502	0.000642585
0.00119853	0.00209072
0.00129587	0.00260558
0.00128435	0.00201134
0.00116539	0.000885948
0.000953369	-7.56E-05
0.000673988	-0.000627725
0.000360395	-0.000952835
4.77E-05	-0.00122209
-0.000231163	-0.00131131
-0.000448728	-0.000972989
-0.000587652	-0.000214092
-0.000641635	0.00058398
-0.000613423	0.000963623
-0.000513425	0.000798913
-0.000358266	0.000373529
-0.000167652	5.13E-05
3.81E-05	-8.44E-05
0.000239757	-0.000224302
0.000421242	-0.00049024
0.000571364	-0.000679254
0.00068223	-0.000434201
0.000748484	0.000308835
0.000768013	0.00111392
0.000741489	0.00137986
0.00067175	0.000907025
0.000564169	9.39E-05
0.000425921	-0.000454875
0.000264223	-0.000492209
8.68E-05	-0.000276124
-9.70E-05	-0.00018629
-0.000276594	-0.000280076
-0.000441487	-0.000290509
-0.000579985	-1.63E-05
-0.000679899	0.00040252
-0.000729917	0.000641103
-0.000720248	0.00054912
-0.000643928	0.000262
-0.000499499	-3.59E-05
-0.000292101	-0.000348879
-3.37E-05	-0.000775443
0.000255929	-0.00121265
0.000550741	-0.00129825
0.000821646	-0.000741736
0.00103884	0.000319812
0.00117437	0.0013672
0.00120734	0.0019137
0.00112748	0.00184772
0.000936062	0.00137794
0.000646549	0.000732564
0.00028398	9.81E-06
-0.000118368	-0.000700378
-0.000522485	-0.00119152
-0.000888787	-0.00125346
-0.00118066	-0.000899599
-0.00136874	-0.00040083
-0.00143282	-4.71E-05
-0.00136359	0.00010577
-0.00116428	0.000215403
-0.000849879	0.000389876
-0.000445288	0.00050298
1.57E-05	0.000316033
0.000493075	-0.000223552
0.000945731	-0.000831675
0.0013344	-0.00105454
0.00162484	-0.000616226
0.00179219	0.000357208
0.00182412	0.00142226
0.0017216	0.00211101
0.0014997	0.0021702
0.00118698	0.00160142
0.000821099	0.000577941
0.000443504	-0.000621176
9.49E-05	-0.00163776
-0.000190077	-0.00212164
-0.000388192	-0.00191971
-0.000489163	-0.00121321
-0.000496441	-0.00040287
-0.000426812	0.000208237
-0.000306539	0.000619529
-0.000165902	0.00100463
-3.47E-05	0.00140048
6.21E-05	0.0015779
0.000108522	0.0012554
9.92E-05	0.000428256
3.80E-05	-0.000546609
-6.29E-05	-0.00119653
-0.000186297	-0.00125705
-0.000314147	-0.000799988
-0.00043019	-0.00013027
-0.000521679	0.000414522
-0.000581111	0.000636269
-0.000605752	0.000555242
-0.000595197	0.000359146
-0.000550457	0.000232604
-0.000473644	0.000181817
-0.000366312	3.56E-05
-0.00022935	-0.000328368
-6.51E-05	-0.000756576
0.000122191	-0.000887685
0.000325582	-0.000503
0.0005336	0.000197325
0.000730016	0.000716097
0.000895753	0.000699944
0.00101072	0.000267311
0.00105651	-0.000115109
0.001021	-8.19E-05
0.000901469	0.000316023
0.000704993	0.000724073
0.000448524	0.000854076
0.000158168	0.000707376
-0.000134536	0.000452793
-0.00039644	0.00015102
-0.000596253	-0.000319163
-0.000709321	-0.00102508
-0.000721578	-0.00171577
-0.000630525	-0.00188738
-0.00044531	-0.00119767
-0.000186733	0.000142926
0.000115513	0.00140837
0.000427325	0.00185823
0.000713278	0.00130333
0.000940181	0.000246139
0.00108126	-0.00052417
0.00111845	-0.000531364
0.00104371	7.97E-05
0.000860644	0.000738726
0.000584133	0.000943045
0.00023809	0.000622355
-0.000146139	0.000100602
-0.000531716	-0.000244711
-0.000880225	-0.000286873
-0.00115553	-0.00017521
-0.00132669	-0.000128417
-0.00137162	-0.000235681
-0.00128053	-0.000440091
-0.00105683	-0.000651919
-0.000717511	-0.000814423
-0.000292906	-0.000862538
0.000176485	-0.000686468
0.000644912	-0.000202148
0.00106602	0.00052501
0.0013985	0.00124746
0.00161237	0.00166215
0.00169242	0.00160782
0.00163881	0.00116616
0.00146716	0.000583439
0.00120611	8.45E-05
0.000891816	-0.000271158
0.000562831	-0.000584152
0.000255047	-0.000956579
-4.20E-06	-0.00131361
-0.000199725	-0.00139581
-0.00032869	-0.000975411
-0.000399512	-0.0001132
-0.000429124	0.000807958
-0.000437859	0.0013443
-0.000444586	0.0013237
-0.000463883	0.00093525
-0.000503118	0.000498463
-0.000560296	0.000167335
-0.0006254	-0.000126306
-0.000682564	-0.000476545
-0.000712449	-0.000808213
-0.000696816	-0.000905308
-0.000623072	-0.000631136
-0.000485892	-0.000105252
-0.00028763	0.000352173
-3.90E-05	0.000464796
0.0002423	0.000213999
0.000534447	-0.00015089
0.000813122	-0.000301579
0.00105408	-7.64E-05
0.001237	0.000394297
0.00134747	0.000776136
0.00137715	0.000769037
0.00132431	0.000330057
0.00119358	-0.000268387
0.000994102	-0.000596167
0.000738966	-0.000365658
0.000445052	0.000315765
0.000130919	0.000949364
-0.000184843	0.000968315
-0.000483495	0.000200158
-0.000747091	-0.000895672
-0.000960149	-0.00150114
-0.00110957	-0.00110216
-0.00118518	1.46E-05
-0.0011816	0.000943056
-0.00109928	0.000933182
-0.000944429	6.95E-05
-0.000729763	-0.000816375
-0.000474336	-0.000943133
-0.00020167	-0.000307713
6.17E-05	0.000383737
0.00028821	0.000480396
0.000453537	3.74E-05
0.000541023	-0.000290487
0.000543044	5.20E-05
0.000462271	0.000953496
0.000312672	0.00172623
0.000117676	0.0017052
-9.28E-05	0.000778503
-0.000285279	-0.000565748
-0.000428003	-0.0016233
-0.000496123	-0.00194415
-0.000474926	-0.00155846
-0.00036195	-0.000841976
-0.000168567	-0.000175517
8.18E-05	0.000295537
0.000357832	0.000620279
0.000624563	0.000840658
0.000847893	0.000903299
0.00100085	0.000784282
0.00106691	0.000615702
0.00104099	0.000567121
0.000930498	0.000587208
0.00075439	0.000389036
0.000539162	-0.000194078
0.00031461	-0.00088272
0.000109833	-0.00112416
-5.23E-05	-0.0006646
-0.000159028	0.000109137
-0.000207008	0.000501956
-0.000202047	0.000211291
-0.000158118	-0.000362785
-9.38E-05	-0.000543319
-2.84E-05	-6.86E-05
2.11E-05	0.00067694
4.31E-05	0.0010801
3.50E-05	0.000881338
2.08E-06	0.000345652
-4.35E-05	-7.39E-05
-8.49E-05	-0.000173612
-0.000103999	-0.000107671
-8.68E-05	-0.000140895
-2.54E-05	-0.000360003
8.05E-05	-0.00062079
0.000221573	-0.000723633
0.000380019	-0.000595155
0.00053289	-0.000293796
0.000655305	0.000113958
0.000724464	0.000611073
0.000724457	0.00113937
0.000649214	0.00150498
0.000503542	0.00145642
0.00030414	0.000901324
7.82E-05	3.81E-05
-0.00014191	-0.000760639
-0.000324403	-0.00121893
-0.000442551	-0.00131414
-0.000479846	-0.00118232
-0.000433453	-0.000918922
-0.000314244	-0.000510663
-0.000146119	5.62E-05
3.65E-05	0.000668367
0.000194697	0.00110053
0.000292629	0.0011715
0.000303026	0.000889622
0.000213609	0.000453806
3.14E-05	0.00012485
-0.000218656	7.66E-05
-0.00049721	0.000301429
-0.000755745	0.000595689
-0.000944403	0.000638849
-0.00102145	0.000159584
-0.000960065	-0.00086901
-0.000753008	-0.00211327
-0.000415274	-0.00295743
1.78E-05	-0.00280127
0.000496366	-0.00143636
0.000962448	0.000737592
0.00135799	0.00282902
0.00163444	0.00389067
0.00175957	0.00345712
0.00172064	0.00184015
0.00152609	-5.87E-05
0.0012035	-0.00132489
0.000793461	-0.00159418
0.00034324	-0.00118728
-9.87E-05	-0.000734003
-0.000489685	-0.000623634
-0.000797583	-0.00075302
-0.0010026	-0.000736575
-0.00109751	-0.000314783
-0.00108687	0.000416013
-0.000983302	0.00108966
-0.000803985	0.00132795
-0.00056902	0.000953595
-0.000299481	6.68E-05
-1.58E-05	-0.000981754
0.000261623	-0.00169939
0.000511112	-0.00166774
0.000710813	-0.00080847
0.000839237	0.000495291
0.000876568	0.00158314
0.00080835	0.0019313
0.000629423	0.0014949
0.000346192	0.000695613
-2.13E-05	6.04E-05
-0.00043888	-0.000169995
-0.000861251	-0.000132839
-0.00123767	-0.000116772
-0.00151749	-0.000287573
-0.00165793	-0.000615526
-0.00163205	-0.00099487
-0.00143333	-0.00134951
-0.00107758	-0.00159236
-0.000602636	-0.0015446
-6.31E-05	-0.00100531
0.000478778	3.94E-05
0.000960474	0.00129387
0.00132762	0.00227844
0.00154223	0.00261714
0.00158745	0.00224774
0.00146804	0.00140088
0.00120925	0.000407391
0.000852827	-0.000482123
0.000449402	-0.00115323
5.15E-05	-0.00157973
-0.000292766	-0.00173991
-0.000545462	-0.00156628
-0.000683141	-0.000990259
-0.000697112	-7.45E-05
-0.000593136	0.000891441
-0.000390317	0.00147718
-0.000117063	0.00137416
0.000193306	0.000638905
0.000505151	-0.000313137
0.00078378	-0.000984558
0.000998914	-0.00110065
0.00112615	-0.000690462
0.00114822	4.75E-05
0.00105779	0.000884856
0.00085912	0.00158055
0.000567977	0.00186277
0.000212131	0.00152531
-0.000170345	0.000624627
-0.000535634	-0.000442056
-0.000838685	-0.00115237
-0.00103812	-0.00124298
-0.00110302	-0.000918219
-0.0010191	-0.000663154
-0.000791743	-0.000798615
-0.000447098	-0.0011675
-3.04E-05	-0.00125378
0.000400696	-0.000654459
0.000785362	0.0005183
0.00106887	0.00168701
0.00121172	0.00227849
0.00119685	0.0021813
0.00103183	0.00175579
0.000747064	0.00138477
0.000390953	0.0010264
2.10E-05	0.000260441
-0.000306644	-0.00117802
-0.00054637	-0.00290684
-0.000669905	-0.00398023
-0.000671448	-0.00355294
-0.000566945	-0.00158216
-0.000388289	0.00103947
-0.000176309	0.00304827
2.75E-05	0.00361882
0.00018997	0.00280646
0.000292029	0.00135168
0.000330859	7.47E-05
0.000319719	-0.000648536
0.000283951	-0.000964318
0.000252765	-0.00120842
0.000251662	-0.00151888
0.000296541	-0.0017201
0.00038881	-0.00151425
0.000514514	-0.000766642
0.000647652	0.000354044
0.000754698	0.00145355
0.000800686	0.00211356
0.000757501	0.00209572
0.000610994	0.00146907
0.000364002	0.000586319
3.66E-05	-0.000133679
-0.000336547	-0.000500048
-0.000711899	-0.000660185
-0.00104451	-0.000882674
-0.00129357	-0.00120682
-0.00142809	-0.00134483
-0.00143194	-0.000990793
-0.00130504	-0.000221349
-0.00106225	0.000491699
-0.000731399	0.000718477
-0.00034845	0.000481492
4.81E-05	0.000178873
0.000421183	0.000125321
0.000737633	0.000252146
0.000971876	0.000290623
0.00110775	0.000167646
0.00113846	9.81E-05
0.00106662	0.000266002
0.000904175	0.000527955
0.000670631	0.000548316
0.000391822	0.000216393
9.88E-05	-0.000176416
-0.000175272	-0.000245747
-0.000399272	2.60E-05
-0.000546543	0.000219795
-0.000598368	-7.84E-05
-0.000547532	-0.000792535
-0.000399213	-0.00137151
-0.000170872	-0.0013128
0.000108174	-0.000651434
0.000400363	9.94E-05
0.000665672	0.000497035
0.00086654	0.000614524
0.000973068	0.000879585
0.00096823	0.0014721
0.000850322	0.00197516
0.000632539	0.00173077
0.000341965	0.000564085
1.60E-05	-0.000911906
-0.000304081	-0.00178864
-0.00057957	-0.0016706
-0.000779021	-0.000964331
-0.000883052	-0.000381043
-0.000886629	-0.000234046
-0.000798245	-0.000264838
-0.00063831	-7.68E-05
-0.000435932	0.000386647
-0.000222599	0.000823444
-2.62E-05	0.000937351
0.000132385	0.000724449
0.000241317	0.000405775
0.000300203	0.00017115
0.000318364	4.68E-05
0.000311381	-3.90E-05
0.000298433	-0.000148743
0.000298536	-0.000305138
0.000325562	-0.000501282
0.000385593	-0.000684929
0.000476379	-0.000735598
0.000587426	-0.000516063
0.000702108	-6.73E-06
0.000800946	0.000603665
0.000863546	0.00100147
0.000871314	0.0009674
0.000812056	0.000548653
0.000682721	3.39E-05
0.000489333	-0.000256667
0.00024619	-0.000201279
-2.58E-05	5.57E-05
-0.00030265	0.000244355
-0.00055993	0.000188226
-0.00077561	-7.90E-05
-0.000933254	-0.000382846
-0.00102425	-0.000580906
-0.00104735	-0.000656654
-0.00100801	-0.000640917
-0.000917491	-0.000484776
-0.000789785	-9.30E-05
-0.000638693	0.000482478
-0.000476738	0.0009447
-0.000313608	0.000955833
-0.000155192	0.000489827
-5.44E-06	-7.66E-05
0.000131538	-0.000317811
0.000251252	-0.000207921
0.000347959	-0.000130358
0.000413653	-0.000398822
0.000439833	-0.000832962
0.000420328	-0.000893176
0.000352762	-0.000240812
0.00024028	0.000884218
9.36E-05	0.00184658
-6.95E-05	0.00211435
-0.000225821	0.0015601
-0.000348849	0.000395547
-0.000413431	-0.00100595
-0.000400711	-0.00218579
-0.000301031	-0.00267384
-0.000116022	-0.00220638
0.000139514	-0.000964037
0.000439278	0.000459397
0.000750497	0.00142726
0.00103816	0.00167638
0.00126912	0.00141421
0.00141756	0.00104786
0.00146841	0.000828777
0.00141761	0.000702665
0.0012719	0.000425057
0.00104777	-0.000182507
0.00076772	-0.00101676
0.000456543	-0.00167568
0.000138269	-0.00168748
-0.00016761	-0.000858309
-0.000447491	0.000508572
-0.000691878	0.00172315
-0.000894129	0.00211599
-0.00105001	0.00146146
-0.00115583	0.000116853
-0.00120687	-0.00119882
-0.00119795	-0.00182448
-0.0011245	-0.00152506
-0.000983921	-0.000603688
-0.000778363	0.000312918
-0.000516807	0.000695256
-0.000215266	0.000462662
0.000103368	-1.03E-06
0.000410176	-0.000201451
0.000673594	3.21E-05
0.00086414	0.000429064
0.000958726	0.000588589
0.00094536	0.000403293
0.00082652	0.000162387
0.000619041	0.000230614
0.000351896	0.000634491
6.35E-05	0.000985673
-0.000204079	0.000830078
-0.000412306	7.14E-05
-0.000532006	-0.000945459
-0.000546998	-0.00173185
-0.000457562	-0.00199906
-0.000280916	-0.00173687
-4.80E-05	-0.001056
0.000201456	-6.62E-05
0.000425617	0.00105948
0.000588708	0.00199529
0.000667155	0.00237999
0.000652904	0.00208446
0.000555204	0.00132044
0.000399399	0.00043572
0.000221122	-0.000379252
5.94E-05	-0.00114085
-4.98E-05	-0.00184645
-8.03E-05	-0.00228463
-2.14E-05	-0.00214726
0.000120483	-0.00133172
0.000322177	-9.06E-05
0.000546763	0.00111698
0.000750508	0.00189062
0.000891114	0.00204455
0.000933826	0.00162379
0.000856849	0.000860494
0.000655504	9.14E-05
0.000342449	-0.000394118
-5.48E-05	-0.000516816
-0.000497091	-0.000428353
-0.000938564	-0.000340751
-0.00133415	-0.000337597
-0.00164436	-0.000364555
-0.00183878	-0.000360488
-0.00189971	-0.000331262
-0.00182329	-0.000299291
-0.00161801	-0.000250865
-0.00130334	-0.000176891
-0.000907685	-0.000126967
-0.000464421	-0.000153272
-8.79E-06	-0.000195834
0.000424496	-9.77E-05
0.000804595	0.000213892
0.00110733	0.000599056
0.00131638	0.000819069
0.00142431	0.000773247
0.0014331	0.000577052
0.00135262	0.000397364
0.00119876	0.000258701
0.000992381	5.29E-05
0.000756719	-0.000279154
0.000513605	-0.000631764
0.000281736	-0.000814384
7.59E-05	-0.000711493
-9.41E-05	-0.000352664
-0.000222916	0.000121325
-0.000308248	0.000519961
-0.000350365	0.000668136
-0.000351648	0.000495905
-0.000314998	0.000113325
-0.00024344	-0.000233535
-0.000141687	-0.000348252
-1.65E-05	-0.0002602
0.000123772	-0.000188261
0.000267545	-0.000289284
0.000399354	-0.000450923
0.000501739	-0.000374897
0.000557525	0.000103217
0.000552327	0.000776859
0.000477923	0.001186
0.000334182	0.00102352
0.00012984	0.000444961
-0.000116224	-5.21E-05
-0.00037578	-9.53E-05
-0.000615789	0.000193164
-0.000803332	0.000294605
-0.000909918	-0.000205056
-0.000916316	-0.00117218
-0.000816743	-0.00196304
-0.000619942	-0.00193
-0.000348795	-0.000958028
-3.86E-05	0.000420938
0.000268337	0.00141986
0.000529541	0.00157663
0.000707842	0.00106384
0.000776951	0.000480529
0.000726911	0.000311846
0.000565717	0.000538655
0.000317538	0.000738876
1.95E-05	0.000549507
-0.000284367	6.54E-06
-0.000549718	-0.000573102
-0.000738167	-0.000976674
-0.000822419	-0.00125516
-0.00079122	-0.00148136
-0.000650868	-0.00147874
-0.000423234	-0.000945979
-0.000142448	0.000123953
0.000150572	0.00125566
0.000415817	0.00182522
0.000620209	0.00159272
0.000741018	0.00087021
0.000769094	0.000185856
0.000710309	-0.000149893
0.000583221	-0.000165842
0.000415574	-6.44E-05
0.000239797	-4.28E-05
8.64E-05	-0.000219562
-2.17E-05	-0.000583793
-7.17E-05	-0.000942831
-6.23E-05	-0.000997335
-3.87E-06	-0.000593131
8.46E-05	7.39E-05
0.000180566	0.000584967
0.000260954	0.000695775
0.000306534	0.000574862
0.000306185	0.000584176
0.000258555	0.000826518
0.000171739	0.000973965
6.20E-05	0.000602756
-5.06E-05	-0.000303098
-0.000146933	-0.00123433
-0.000211703	-0.00158083
-0.000235768	-0.00117105
-0.000219015	-0.000385163
-0.000170704	0.000236863
-0.000107088	0.000468234
-4.87E-05	0.000492012
-1.66E-05	0.000588576
-2.76E-05	0.000791876
-8.98E-05	0.000874187
-0.000201446	0.000629906
-0.000349531	0.000125676
-0.000511028	-0.000331714
-0.000657269	-0.000457857
-0.000758281	-0.000240099
-0.000786224	3.41E-05
-0.000720367	-5.14E-06
-0.000551695	-0.000505046
-0.000284663	-0.00121939
6.25E-05	-0.00161769
0.000458856	-0.00124519
0.000864395	-0.000103324
0.00123548	0.00125935
0.00152902	0.00207557
0.00170785	0.00189573
0.00174627	0.000925188
0.00163308	-0.00011545
0.00137316	-0.000526337
0.00098877	-0.00015255
0.000517768	0.000529003
8.46E-06	0.000833631
-0.000485613	0.000441563
-0.000911258	-0.000368916
-0.00122284	-0.00101359
-0.00138824	-0.00113477
-0.0013925	-0.000873856
-0.00124027	-0.000651836
-0.000955565	-0.000716192
-0.000577387	-0.000908208
-0.00015413	-0.000834829
0.000262124	-0.000234846
0.000622764	0.000791587
0.000888947	0.00183608
0.00103497	0.00242011
0.00105063	0.00224324
0.000942144	0.0013355
0.000729376	5.84E-05
0.000441793	-0.00107663
0.000114897	-0.00169183
-0.000214491	-0.0017197
-0.000513228	-0.00133377
-0.000754131	-0.000734544
-0.000916595	-3.00E-05
-0.0009881	0.000689482
-0.000964563	0.00122948
-0.000849199	0.00132999
-0.000652659	0.000861151
-0.000392788	-4.04E-05
-9.24E-05	-0.0010364
0.000222127	-0.00175526
0.000521462	-0.00191007
0.000776091	-0.00135536
0.000959445	-0.000162086
0.00105023	0.00131082
0.00103506	0.00248608
0.000911451	0.00283672
0.000688558	0.00219431
0.00038656	0.000848124
3.63E-05	-0.000634747
-0.000323989	-0.00170414
-0.000654355	-0.00205095
-0.00091795	-0.00169886
-0.00108485	-0.000957546
-0.00113658	-0.000236638
-0.0010682	0.000198026
-0.000887531	0.000347036
-0.000614266	0.000366691
-0.000278037	0.000348517
8.62E-05	0.000254543
0.000442493	8.11E-05
0.000757195	-9.48E-06
0.00100156	0.00015404
0.00115446	0.000466066
0.00120294	0.000555692
0.00114311	0.000198211
0.000981481	-0.000323958
0.000734134	-0.000413658
0.000425109	0.000201362
8.58E-05	0.00107275
-0.000247559	0.00138511
-0.000538212	0.000739389
-0.000752801	-0.000457808
-0.000865069	-0.00139514
-0.000860875	-0.00159974
-0.000741035	-0.00126186
-0.000521677	-0.000882215
-0.000233374	-0.000700535
8.23E-05	-0.000518973
0.000379908	-2.95E-05
0.000616799	0.000787195
0.000758575	0.00161677
0.000784573	0.00209619
0.000692359	0.00207648
0.000497351	0.00161877
0.000229585	0.000815659
-7.01E-05	-0.000288533
-0.000356542	-0.00156236
-0.00058746	-0.00262701
-0.000729361	-0.00294229
-0.000762321	-0.00216587
-0.000683212	-0.000508822
-0.000505156	0.00125755
-0.000254297	0.00223798
3.40E-05	0.00200478
0.000319911	0.000880337
0.000565521	-0.000327927
0.000739295	-0.000920294
0.000819205	-0.000743771
0.000796432	-0.000160586
0.000676205	0.000352731
0.000474762	0.000576965
0.000216514	0.000591128
-6.87E-05	0.000548582
-0.000350158	0.000475905
-0.0005997	0.000272764
-0.000793999	-0.000143785
-0.000916946	-0.000713125
-0.000961553	-0.00122669
-0.000929192	-0.00143187
-0.000828214	-0.00116766
-0.000672817	-0.00046505
-0.000480447	0.000436048
-0.000269656	0.00118612
-5.92E-05	0.00150201
0.000134218	0.00130397
0.000298446	0.000723987
0.000426582	3.32E-06
0.000516007	-0.000630844
0.00056887	-0.00102938
0.000591227	-0.00110746
0.00059057	-0.000812978
0.000575013	-0.000156605
0.000552913	0.000697556
0.000530751	0.00138632
0.000511706	0.00147398
0.000495847	0.000756624
0.000479985	-0.000470507
0.000458107	-0.00148951
0.000423779	-0.00163974
0.000371777	-0.0008386
0.000297983	0.000341108
0.000200793	0.00113913
8.28E-05	0.00120456
-4.98E-05	0.000780945
-0.000188331	0.000350434
-0.000320509	0.000143871
-0.000432369	1.27E-05
-0.000510979	-0.000275412
-0.000546121	-0.000699704
-0.000531633	-0.000975687
-0.000467149	-0.000854212
-0.000358222	-0.000392271
-0.000215462	9.11E-05
-5.41E-05	0.000319525
0.000107842	0.000306561
0.000252895	0.000303829
0.000366439	0.000516537
0.000437856	0.000862442
0.000462648	0.00100179
0.000443218	0.000630805
0.000387107	-0.000204008
0.000305769	-0.00105709
0.000213112	-0.00137592
0.000122593	-0.000924063
4.49E-05	6.42E-06
-1.30E-05	0.000792762
-4.85E-05	0.00095268
-6.40E-05	0.000496856
-6.55E-05	-0.000138883
-6.08E-05	-0.000495512
-5.90E-05	-0.000444523
-6.75E-05	-0.000191804
-9.07E-05	1.22E-05
-0.000129916	0.000119188
-0.000183007	0.00023789
-0.000243439	0.000406825
-0.000301998	0.000496649
-0.000349595	0.00036067
-0.000377807	2.89E-05
-0.000379579	-0.000305402
-0.000351188	-0.000491254
-0.000292445	-0.000559108
-0.000205824	-0.000610311
-9.70E-05	-0.00060243
2.56E-05	-0.00033933
0.000152489	0.000269148
0.000274496	0.000973843
0.000382781	0.00129121
0.000470255	0.000903063
0.000532105	-1.70E-05
0.000564771	-0.000877795
0.000565995	-0.00111013
0.000535354	-0.000603888
0.000473309	0.000216525
0.000381322	0.000728575
0.000263546	0.000596274
0.000126583	3.36E-05
-2.15E-05	-0.000379566
-0.000170338	-0.000211648
-0.000307228	0.000409068
-0.000418763	0.000877534
-0.000418763	0.000877534
